$coords
     [,1] [,2]
[1,]  102    3

$utemp
 [1] 252 261 267 270 271 267 264 265 264 262 260 255

$urain
 [1] 164 115 140 165 181 105 114 124 140 234 251 245

$tecocrop
       tabs_min topt_min topt_max tabs_max
  [1,]       12       22       27       35
  [2,]        8       14       27       33
  [3,]       10       14       28       34
  [4,]        7       16       33       39
  [5,]       10       14       40       45
  [6,]       16       19       30       38
  [7,]       16       19       30       38
  [8,]       16       19       30       38
  [9,]       13       22       32       38
 [10,]        7       18       27       36
 [11,]        7       21       28       40
 [12,]       10       23       30       36
 [13,]       17       22       27       31
 [14,]        7       18       30       40
 [15,]       16       20       28       36
 [16,]       15       22       30       38
 [17,]        8       22       35       40
 [18,]       12       20       36       40
 [19,]       16       21       33       40
 [20,]        3       15       24       35
 [21,]       12       19       27       38
 [22,]        8       15       28       38
 [23,]        8       17       30       35
 [24,]       10       22       30       35
 [25,]       10       20       32       39
 [26,]        3       15       24       30
 [27,]        5       15       35       46
 [28,]       10       20       29       35
 [29,]       18       25       30       38
 [30,]        5       10       25       30
 [31,]       16       22       38       47
 [32,]        7       15       29       35
 [33,]       11       20       34       42
 [34,]        8       13       18       34
 [35,]        2       10       20       35
 [36,]        7       20       28       36
 [37,]        8       12       22       34
 [38,]       10       21       32       38
 [39,]       14       22       34       38
 [40,]        5       15       23       27
 [41,]       15       25       35       40
 [42,]        6       18       32       38
 [43,]        8       27       41       47
 [44,]        7       23       27       34
 [45,]       12       20       35       40
 [46,]       12       22       40       45
 [47,]        4       16       26       38
 [48,]        8       18       30       35
 [49,]       18       22       27       31
 [50,]        5       16       26       35
 [51,]        7       16       25       32
 [52,]       20       27       32       36
 [53,]       10       18       30       38
 [54,]       18       21       27       32
 [55,]        7       15       24       32
 [56,]        2       13       20       27
 [57,]       10       22       32       45
 [58,]       10       20       33       45
 [59,]        3       18       32       38
 [60,]        4       25       35       42
 [61,]       12       24       30       36
 [62,]       14       20       29       35
 [63,]       16       20       30       34
 [64,]       16       20       30       34
 [65,]       12       20       32       48
 [66,]       12       20       30       40
 [67,]       10       21       30       36
 [68,]       13       20       37       45
 [69,]       13       26       32       38
 [70,]        7       15       28       40
 [71,]       13       26       32       38
 [72,]       12       20       35       40
 [73,]       18       24       30       34
 [74,]       10       20       32       42
 [75,]       13       26       32       38
 [76,]       14       20       35       38
 [77,]        9       20       35       40
 [78,]       10       18       33       47
 [79,]       16       22       28       33
 [80,]       12       23       34       38
 [81,]        8       24       30       48
 [82,]       15       20       30       40
 [83,]        4       12       20       24
 [84,]       15       20       28       32
 [85,]        7       20       35       48
 [86,]       10       21       30       36
 [87,]       15       21       40       45
 [88,]       13       20       30       38
 [89,]       20       23       27       35
 [90,]       12       20       35       38
 [91,]       12       20       30       35
 [92,]       10       20       30       36
 [93,]       12       21       30       44
 [94,]       12       25       35       40
 [95,]       15       20       32       38
 [96,]       10       18       38       45
 [97,]       12       22       34       40
 [98,]       10       21       30       36
 [99,]       12       21       27       32
[100,]        8       23       32       40
[101,]       12       23       32       40
[102,]        7       15       25       30
[103,]       12      160       28       38
[104,]       15       20       32       45
[105,]       18       26       32       38
[106,]        2       14       18       35
[107,]       18       24       28       34
[108,]       10       21       35       42
[109,]        8       17       30       35
[110,]       12       18       28       34
[111,]        5       18       38       40
[112,]       10       16       32       36
[113,]        9       20       35       40
[114,]       10       24       33       45
[115,]       18       14       35       28
[116,]       18       25       36       40
[117,]       10       21       30       36
[118,]        4       12       25       30
[119,]       10       18       28       45
[120,]       16       24       34       40
[121,]       19       25       35       38
[122,]       12       22       30       36
[123,]        8       22       35       40
[124,]       13       20       30       36
[125,]       10       20       33       38
[126,]        5       26       35       38
[127,]       15       18       30       43
[128,]       11       23       30       41
[129,]       15       24       37       41
[130,]       10       15       35       40
[131,]       10       18       28       38
[132,]       10       20       30       40
[133,]       12       20       35       45
[134,]       10       21       28       35
[135,]        2       22       28       30
[136,]       18       20       28       32
[137,]       10       20       30       34
[138,]       16       23       28       33
[139,]       15       20       35       40
[140,]       14       20       32       40
[141,]       14       18       30       40
[142,]       12       24       30       37
[143,]       10       20       28       35
[144,]       15       24       37       41

$tseason
  [1]  7  8  9 10 12  4  4  4  8  3  1  8 11  2 12  4  3 14  8  3  3 11  4 10 12  3  8  9 12  3  9  4 10  3  1 12  1  9 11  6
 [41]  4  2  8  8 10 11  7  4  4  3  3  8  7  1  3  3  4  9  6 12 12  9 10 10  9 12 12  4  9  2  6 10  8  9  9  3  3  7  8  7
 [81]  9 12  7 12  9 12  6  9 12 11  4  4 12  3  3  8 12 12 11  9 12  4 12  6  9  6 12  9  4 12 10 12  3 12 12 12 12  4  8 11
[121]  6 12  6  9  4 11  5  8 10  2  4  4  5  8  4 10  6 11 12  9  5  4  8 10

$tmonsuits
        Jan Feb  Mar Apr May  Jun  Jul  Aug  Sep Oct  Nov  Dec
  [1,] 1.00 1.0 1.00 1.0 1.0 1.00 1.00 1.00 1.00 1.0 1.00 1.00
  [2,] 1.00 1.0 1.00 1.0 1.0 1.00 1.00 1.00 1.00 1.0 1.00 1.00
  [3,] 1.00 1.0 1.00 1.0 1.0 1.00 1.00 1.00 1.00 1.0 1.00 1.00
  [4,] 1.00 1.0 1.00 1.0 1.0 1.00 1.00 1.00 1.00 1.0 1.00 1.00
  [5,] 1.00 1.0 1.00 1.0 1.0 1.00 1.00 1.00 1.00 1.0 1.00 1.00
  [6,] 1.00 1.0 1.00 1.0 1.0 1.00 1.00 1.00 1.00 1.0 1.00 1.00
  [7,] 1.00 1.0 1.00 1.0 1.0 1.00 1.00 1.00 1.00 1.0 1.00 1.00
  [8,] 1.00 1.0 1.00 1.0 1.0 1.00 1.00 1.00 1.00 1.0 1.00 1.00
  [9,] 1.00 1.0 1.00 1.0 1.0 1.00 1.00 1.00 1.00 1.0 1.00 1.00
 [10,] 1.00 1.0 1.00 1.0 1.0 1.00 1.00 1.00 1.00 1.0 1.00 1.00
 [11,] 1.00 1.0 1.00 1.0 1.0 1.00 1.00 1.00 1.00 1.0 1.00 1.00
 [12,] 1.00 1.0 1.00 1.0 1.0 1.00 1.00 1.00 1.00 1.0 1.00 1.00
 [13,] 1.00 1.0 1.00 1.0 1.0 1.00 1.00 1.00 1.00 1.0 1.00 1.00
 [14,] 1.00 1.0 1.00 1.0 1.0 1.00 1.00 1.00 1.00 1.0 1.00 1.00
 [15,] 1.00 1.0 1.00 1.0 1.0 1.00 1.00 1.00 1.00 1.0 1.00 1.00
 [16,] 1.00 1.0 1.00 1.0 1.0 1.00 1.00 1.00 1.00 1.0 1.00 1.00
 [17,] 1.00 1.0 1.00 1.0 1.0 1.00 1.00 1.00 1.00 1.0 1.00 1.00
 [18,] 1.00 1.0 1.00 1.0 1.0 1.00 1.00 1.00 1.00 1.0 1.00 1.00
 [19,] 1.00 1.0 1.00 1.0 1.0 1.00 1.00 1.00 1.00 1.0 1.00 1.00
 [20,] 0.89 0.8 0.75 0.7 0.7 0.75 0.78 0.77 0.78 0.8 0.82 0.86
 [21,] 1.00 1.0 1.00 1.0 1.0 1.00 1.00 1.00 1.00 1.0 1.00 1.00
 [22,] 1.00 1.0 1.00 1.0 1.0 1.00 1.00 1.00 1.00 1.0 1.00 1.00
 [23,] 1.00 1.0 1.00 1.0 1.0 1.00 1.00 1.00 1.00 1.0 1.00 1.00
 [24,] 1.00 1.0 1.00 1.0 1.0 1.00 1.00 1.00 1.00 1.0 1.00 1.00
 [25,] 1.00 1.0 1.00 1.0 1.0 1.00 1.00 1.00 1.00 1.0 1.00 1.00
 [26,] 0.80 0.6 0.55 0.5 0.5 0.55 0.60 0.58 0.60 0.6 0.67 0.75
 [27,] 1.00 1.0 1.00 1.0 1.0 1.00 1.00 1.00 1.00 1.0 1.00 1.00
 [28,] 1.00 1.0 1.00 1.0 1.0 1.00 1.00 1.00 1.00 1.0 1.00 1.00
 [29,] 1.00 1.0 1.00 1.0 1.0 1.00 1.00 1.00 1.00 1.0 1.00 1.00
 [30,] 0.96 0.8 0.66 0.6 0.6 0.66 0.72 0.70 0.72 0.8 0.80 0.90
 [31,] 1.00 1.0 1.00 1.0 1.0 1.00 1.00 1.00 1.00 1.0 1.00 1.00
 [32,] 1.00 1.0 1.00 1.0 1.0 1.00 1.00 1.00 1.00 1.0 1.00 1.00
 [33,] 1.00 1.0 1.00 1.0 1.0 1.00 1.00 1.00 1.00 1.0 1.00 1.00
 [34,] 0.55 0.5 0.46 0.4 0.4 0.46 0.48 0.47 0.48 0.5 0.50 0.53
 [35,] 0.65 0.6 0.55 0.5 0.5 0.55 0.57 0.57 0.57 0.6 0.60 0.63
 [36,] 1.00 1.0 1.00 1.0 1.0 1.00 1.00 1.00 1.00 1.0 1.00 1.00
 [37,] 0.73 0.7 0.61 0.6 0.6 0.61 0.63 0.62 0.63 0.7 0.67 0.71
 [38,] 1.00 1.0 1.00 1.0 1.0 1.00 1.00 1.00 1.00 1.0 1.00 1.00
 [39,] 1.00 1.0 1.00 1.0 1.0 1.00 1.00 1.00 1.00 1.0 1.00 1.00
 [40,] 0.45 0.2 0.08 0.0 0.0 0.08 0.15 0.12 0.15 0.2 0.25 0.38
 [41,] 1.00 1.0 1.00 1.0 1.0 1.00 1.00 1.00 1.00 1.0 1.00 1.00
 [42,] 1.00 1.0 1.00 1.0 1.0 1.00 1.00 1.00 1.00 1.0 1.00 1.00
 [43,] 0.91 1.0 0.98 1.0 1.0 0.98 0.97 0.97 0.97 1.0 0.95 0.92
 [44,] 1.00 1.0 1.00 1.0 1.0 1.00 1.00 1.00 1.00 1.0 1.00 1.00
 [45,] 1.00 1.0 1.00 1.0 1.0 1.00 1.00 1.00 1.00 1.0 1.00 1.00
 [46,] 1.00 1.0 1.00 1.0 1.0 1.00 1.00 1.00 1.00 1.0 1.00 1.00
 [47,] 1.00 1.0 0.94 0.9 0.9 0.94 0.97 0.96 0.97 1.0 1.00 1.00
 [48,] 1.00 1.0 1.00 1.0 1.0 1.00 1.00 1.00 1.00 1.0 1.00 1.00
 [49,] 1.00 1.0 1.00 1.0 1.0 1.00 1.00 1.00 1.00 1.0 1.00 1.00
 [50,] 1.00 1.0 0.92 0.9 0.9 0.92 0.96 0.94 0.96 1.0 1.00 1.00
 [51,] 0.97 0.8 0.76 0.7 0.7 0.76 0.80 0.79 0.80 0.8 0.86 0.93
 [52,] 0.74 0.9 0.96 1.0 1.0 0.96 0.91 0.93 0.91 0.9 0.86 0.79
 [53,] 1.00 1.0 1.00 1.0 1.0 1.00 1.00 1.00 1.00 1.0 1.00 1.00
 [54,] 1.00 1.0 1.00 1.0 1.0 1.00 1.00 1.00 1.00 1.0 1.00 1.00
 [55,] 0.85 0.7 0.66 0.6 0.6 0.66 0.70 0.69 0.70 0.7 0.75 0.81
 [56,] 0.26 0.1 0.04 0.0 0.0 0.04 0.09 0.07 0.09 0.1 0.14 0.21
 [57,] 1.00 1.0 1.00 1.0 1.0 1.00 1.00 1.00 1.00 1.0 1.00 1.00
 [58,] 1.00 1.0 1.00 1.0 1.0 1.00 1.00 1.00 1.00 1.0 1.00 1.00
 [59,] 1.00 1.0 1.00 1.0 1.0 1.00 1.00 1.00 1.00 1.0 1.00 1.00
 [60,] 1.00 1.0 1.00 1.0 1.0 1.00 1.00 1.00 1.00 1.0 1.00 1.00
 [61,] 1.00 1.0 1.00 1.0 1.0 1.00 1.00 1.00 1.00 1.0 1.00 1.00
 [62,] 1.00 1.0 1.00 1.0 1.0 1.00 1.00 1.00 1.00 1.0 1.00 1.00
 [63,] 1.00 1.0 1.00 1.0 1.0 1.00 1.00 1.00 1.00 1.0 1.00 1.00
 [64,] 1.00 1.0 1.00 1.0 1.0 1.00 1.00 1.00 1.00 1.0 1.00 1.00
 [65,] 1.00 1.0 1.00 1.0 1.0 1.00 1.00 1.00 1.00 1.0 1.00 1.00
 [66,] 1.00 1.0 1.00 1.0 1.0 1.00 1.00 1.00 1.00 1.0 1.00 1.00
 [67,] 1.00 1.0 1.00 1.0 1.0 1.00 1.00 1.00 1.00 1.0 1.00 1.00
 [68,] 1.00 1.0 1.00 1.0 1.0 1.00 1.00 1.00 1.00 1.0 1.00 1.00
 [69,] 0.94 1.0 1.00 1.0 1.0 1.00 1.00 1.00 1.00 1.0 1.00 0.96
 [70,] 1.00 1.0 1.00 1.0 1.0 1.00 1.00 1.00 1.00 1.0 1.00 1.00
 [71,] 0.94 1.0 1.00 1.0 1.0 1.00 1.00 1.00 1.00 1.0 1.00 0.96
 [72,] 1.00 1.0 1.00 1.0 1.0 1.00 1.00 1.00 1.00 1.0 1.00 1.00
 [73,] 1.00 1.0 1.00 1.0 1.0 1.00 1.00 1.00 1.00 1.0 1.00 1.00
 [74,] 1.00 1.0 1.00 1.0 1.0 1.00 1.00 1.00 1.00 1.0 1.00 1.00
 [75,] 0.94 1.0 1.00 1.0 1.0 1.00 1.00 1.00 1.00 1.0 1.00 0.96
 [76,] 1.00 1.0 1.00 1.0 1.0 1.00 1.00 1.00 1.00 1.0 1.00 1.00
 [77,] 1.00 1.0 1.00 1.0 1.0 1.00 1.00 1.00 1.00 1.0 1.00 1.00
 [78,] 1.00 1.0 1.00 1.0 1.0 1.00 1.00 1.00 1.00 1.0 1.00 1.00
 [79,] 1.00 1.0 1.00 1.0 1.0 1.00 1.00 1.00 1.00 1.0 1.00 1.00
 [80,] 1.00 1.0 1.00 1.0 1.0 1.00 1.00 1.00 1.00 1.0 1.00 1.00
 [81,] 1.00 1.0 1.00 1.0 1.0 1.00 1.00 1.00 1.00 1.0 1.00 1.00
 [82,] 1.00 1.0 1.00 1.0 1.0 1.00 1.00 1.00 1.00 1.0 1.00 1.00
 [83,] 0.00 0.0 0.00 0.0 0.0 0.00 0.00 0.00 0.00 0.0 0.00 0.00
 [84,] 1.00 1.0 1.00 1.0 1.0 1.00 1.00 1.00 1.00 1.0 1.00 1.00
 [85,] 1.00 1.0 1.00 1.0 1.0 1.00 1.00 1.00 1.00 1.0 1.00 1.00
 [86,] 1.00 1.0 1.00 1.0 1.0 1.00 1.00 1.00 1.00 1.0 1.00 1.00
 [87,] 1.00 1.0 1.00 1.0 1.0 1.00 1.00 1.00 1.00 1.0 1.00 1.00
 [88,] 1.00 1.0 1.00 1.0 1.0 1.00 1.00 1.00 1.00 1.0 1.00 1.00
 [89,] 1.00 1.0 1.00 1.0 1.0 1.00 1.00 1.00 1.00 1.0 1.00 1.00
 [90,] 1.00 1.0 1.00 1.0 1.0 1.00 1.00 1.00 1.00 1.0 1.00 1.00
 [91,] 1.00 1.0 1.00 1.0 1.0 1.00 1.00 1.00 1.00 1.0 1.00 1.00
 [92,] 1.00 1.0 1.00 1.0 1.0 1.00 1.00 1.00 1.00 1.0 1.00 1.00
 [93,] 1.00 1.0 1.00 1.0 1.0 1.00 1.00 1.00 1.00 1.0 1.00 1.00
 [94,] 1.00 1.0 1.00 1.0 1.0 1.00 1.00 1.00 1.00 1.0 1.00 1.00
 [95,] 1.00 1.0 1.00 1.0 1.0 1.00 1.00 1.00 1.00 1.0 1.00 1.00
 [96,] 1.00 1.0 1.00 1.0 1.0 1.00 1.00 1.00 1.00 1.0 1.00 1.00
 [97,] 1.00 1.0 1.00 1.0 1.0 1.00 1.00 1.00 1.00 1.0 1.00 1.00
 [98,] 1.00 1.0 1.00 1.0 1.0 1.00 1.00 1.00 1.00 1.0 1.00 1.00
 [99,] 1.00 1.0 1.00 1.0 1.0 1.00 1.00 1.00 1.00 1.0 1.00 1.00
[100,] 1.00 1.0 1.00 1.0 1.0 1.00 1.00 1.00 1.00 1.0 1.00 1.00
[101,] 1.00 1.0 1.00 1.0 1.0 1.00 1.00 1.00 1.00 1.0 1.00 1.00
[102,] 0.96 0.8 0.66 0.6 0.6 0.66 0.72 0.70 0.72 0.8 0.80 0.90
[103,] 0.09 0.1 0.10 0.1 0.1 0.10 0.10 0.10 0.10 0.1 0.09 0.09
[104,] 1.00 1.0 1.00 1.0 1.0 1.00 1.00 1.00 1.00 1.0 1.00 1.00
[105,] 0.90 1.0 1.00 1.0 1.0 1.00 1.00 1.00 1.00 1.0 1.00 0.94
[106,] 0.58 0.5 0.49 0.5 0.5 0.49 0.51 0.50 0.51 0.5 0.53 0.56
[107,] 1.00 1.0 1.00 1.0 1.0 1.00 1.00 1.00 1.00 1.0 1.00 1.00
[108,] 1.00 1.0 1.00 1.0 1.0 1.00 1.00 1.00 1.00 1.0 1.00 1.00
[109,] 1.00 1.0 1.00 1.0 1.0 1.00 1.00 1.00 1.00 1.0 1.00 1.00
[110,] 1.00 1.0 1.00 1.0 1.0 1.00 1.00 1.00 1.00 1.0 1.00 1.00
[111,] 1.00 1.0 1.00 1.0 1.0 1.00 1.00 1.00 1.00 1.0 1.00 1.00
[112,] 1.00 1.0 1.00 1.0 1.0 1.00 1.00 1.00 1.00 1.0 1.00 1.00
[113,] 1.00 1.0 1.00 1.0 1.0 1.00 1.00 1.00 1.00 1.0 1.00 1.00
[114,] 1.00 1.0 1.00 1.0 1.0 1.00 1.00 1.00 1.00 1.0 1.00 1.00
[115,] 1.00 1.0 1.00 1.0 1.0 1.00 1.00 1.00 1.00 1.0 1.00 1.00
[116,] 1.00 1.0 1.00 1.0 1.0 1.00 1.00 1.00 1.00 1.0 1.00 1.00
[117,] 1.00 1.0 1.00 1.0 1.0 1.00 1.00 1.00 1.00 1.0 1.00 1.00
[118,] 0.96 0.8 0.66 0.6 0.6 0.66 0.72 0.70 0.72 0.8 0.80 0.90
[119,] 1.00 1.0 1.00 1.0 1.0 1.00 1.00 1.00 1.00 1.0 1.00 1.00
[120,] 1.00 1.0 1.00 1.0 1.0 1.00 1.00 1.00 1.00 1.0 1.00 1.00
[121,] 1.00 1.0 1.00 1.0 1.0 1.00 1.00 1.00 1.00 1.0 1.00 1.00
[122,] 1.00 1.0 1.00 1.0 1.0 1.00 1.00 1.00 1.00 1.0 1.00 1.00
[123,] 1.00 1.0 1.00 1.0 1.0 1.00 1.00 1.00 1.00 1.0 1.00 1.00
[124,] 1.00 1.0 1.00 1.0 1.0 1.00 1.00 1.00 1.00 1.0 1.00 1.00
[125,] 1.00 1.0 1.00 1.0 1.0 1.00 1.00 1.00 1.00 1.0 1.00 1.00
[126,] 0.96 1.0 1.00 1.0 1.0 1.00 1.00 1.00 1.00 1.0 1.00 0.98
[127,] 1.00 1.0 1.00 1.0 1.0 1.00 1.00 1.00 1.00 1.0 1.00 1.00
[128,] 1.00 1.0 1.00 1.0 1.0 1.00 1.00 1.00 1.00 1.0 1.00 1.00
[129,] 1.00 1.0 1.00 1.0 1.0 1.00 1.00 1.00 1.00 1.0 1.00 1.00
[130,] 1.00 1.0 1.00 1.0 1.0 1.00 1.00 1.00 1.00 1.0 1.00 1.00
[131,] 1.00 1.0 1.00 1.0 1.0 1.00 1.00 1.00 1.00 1.0 1.00 1.00
[132,] 1.00 1.0 1.00 1.0 1.0 1.00 1.00 1.00 1.00 1.0 1.00 1.00
[133,] 1.00 1.0 1.00 1.0 1.0 1.00 1.00 1.00 1.00 1.0 1.00 1.00
[134,] 1.00 1.0 1.00 1.0 1.0 1.00 1.00 1.00 1.00 1.0 1.00 1.00
[135,] 1.00 1.0 1.00 1.0 1.0 1.00 1.00 1.00 1.00 1.0 1.00 1.00
[136,] 1.00 1.0 1.00 1.0 1.0 1.00 1.00 1.00 1.00 1.0 1.00 1.00
[137,] 1.00 1.0 1.00 1.0 1.0 1.00 1.00 1.00 1.00 1.0 1.00 1.00
[138,] 1.00 1.0 1.00 1.0 1.0 1.00 1.00 1.00 1.00 1.0 1.00 1.00
[139,] 1.00 1.0 1.00 1.0 1.0 1.00 1.00 1.00 1.00 1.0 1.00 1.00
[140,] 1.00 1.0 1.00 1.0 1.0 1.00 1.00 1.00 1.00 1.0 1.00 1.00
[141,] 1.00 1.0 1.00 1.0 1.0 1.00 1.00 1.00 1.00 1.0 1.00 1.00
[142,] 1.00 1.0 1.00 1.0 1.0 1.00 1.00 1.00 1.00 1.0 1.00 1.00
[143,] 1.00 1.0 1.00 1.0 1.0 1.00 1.00 1.00 1.00 1.0 1.00 1.00
[144,] 1.00 1.0 1.00 1.0 1.0 1.00 1.00 1.00 1.00 1.0 1.00 1.00

$tcropsuits
        Jan  Feb  Mar  Apr  May  Jun  Jul  Aug  Sep  Oct  Nov  Dec
  [1,] 0.99 0.99 0.99 0.99 0.99 1.00 1.00 1.00 1.00 1.00 0.99 0.99
  [2,] 0.98 0.98 0.98 0.98 0.98 1.00 1.00 1.00 1.00 0.98 0.98 0.98
  [3,] 1.00 1.00 1.00 1.00 1.00 1.00 1.00 1.00 1.00 1.00 1.00 1.00
  [4,] 1.00 1.00 1.00 1.00 1.00 1.00 1.00 1.00 1.00 1.00 1.00 1.00
  [5,] 1.00 1.00 1.00 1.00 1.00 1.00 1.00 1.00 1.00 1.00 1.00 1.00
  [6,] 1.00 1.00 1.00 1.00 1.00 1.00 1.00 1.00 1.00 1.00 1.00 1.00
  [7,] 1.00 1.00 1.00 1.00 1.00 1.00 1.00 1.00 1.00 1.00 1.00 1.00
  [8,] 1.00 1.00 1.00 1.00 1.00 1.00 1.00 1.00 1.00 1.00 1.00 1.00
  [9,] 1.00 1.00 1.00 1.00 1.00 1.00 1.00 1.00 1.00 1.00 1.00 1.00
 [10,] 1.00 1.00 0.99 0.99 0.99 1.00 1.00 1.00 1.00 1.00 1.00 1.00
 [11,] 1.00 1.00 1.00 1.00 1.00 1.00 1.00 1.00 1.00 1.00 1.00 1.00
 [12,] 1.00 1.00 1.00 1.00 1.00 1.00 1.00 1.00 1.00 1.00 1.00 1.00
 [13,] 0.97 0.97 0.97 0.97 0.97 1.00 0.97 0.97 0.97 0.97 0.97 0.97
 [14,] 1.00 1.00 1.00 1.00 1.00 1.00 1.00 1.00 1.00 1.00 1.00 1.00
 [15,] 1.00 1.00 1.00 1.00 1.00 1.00 1.00 1.00 1.00 1.00 1.00 1.00
 [16,] 1.00 1.00 1.00 1.00 1.00 1.00 1.00 1.00 1.00 1.00 1.00 1.00
 [17,] 1.00 1.00 1.00 1.00 1.00 1.00 1.00 1.00 1.00 1.00 1.00 1.00
 [18,] 1.00 1.00 1.00 1.00 1.00 1.00 1.00 1.00 1.00 1.00 1.00 1.00
 [19,] 1.00 1.00 1.00 1.00 1.00 1.00 1.00 1.00 1.00 1.00 1.00 1.00
 [20,] 0.75 0.73 0.72 0.72 0.72 0.75 0.77 0.77 0.78 0.80 0.82 0.81
 [21,] 1.00 1.00 0.99 0.99 0.99 1.00 1.00 1.00 1.00 1.00 1.00 1.00
 [22,] 1.00 1.00 1.00 1.00 1.00 1.00 1.00 1.00 1.00 1.00 1.00 1.00
 [23,] 1.00 1.00 1.00 1.00 1.00 1.00 1.00 1.00 1.00 1.00 1.00 1.00
 [24,] 1.00 1.00 1.00 1.00 1.00 1.00 1.00 1.00 1.00 1.00 1.00 1.00
 [25,] 1.00 1.00 1.00 1.00 1.00 1.00 1.00 1.00 1.00 1.00 1.00 1.00
 [26,] 0.55 0.50 0.48 0.48 0.48 0.55 0.58 0.58 0.60 0.63 0.67 0.65
 [27,] 1.00 1.00 1.00 1.00 1.00 1.00 1.00 1.00 1.00 1.00 1.00 1.00
 [28,] 1.00 1.00 1.00 1.00 1.00 1.00 1.00 1.00 1.00 1.00 1.00 1.00
 [29,] 1.00 1.00 1.00 1.00 1.00 1.00 1.00 1.00 1.00 1.00 1.00 1.00
 [30,] 0.66 0.60 0.58 0.58 0.58 0.66 0.70 0.70 0.72 0.76 0.80 0.78
 [31,] 1.00 1.00 1.00 1.00 1.00 1.00 1.00 1.00 1.00 1.00 1.00 1.00
 [32,] 1.00 1.00 1.00 1.00 1.00 1.00 1.00 1.00 1.00 1.00 1.00 1.00
 [33,] 1.00 1.00 1.00 1.00 1.00 1.00 1.00 1.00 1.00 1.00 1.00 1.00
 [34,] 0.46 0.44 0.43 0.43 0.43 0.46 0.47 0.47 0.48 0.49 0.50 0.49
 [35,] 0.65 0.59 0.55 0.53 0.53 0.55 0.57 0.57 0.57 0.59 0.60 0.63
 [36,] 1.00 1.00 1.00 1.00 1.00 1.00 1.00 1.00 1.00 1.00 1.00 1.00
 [37,] 0.73 0.66 0.61 0.58 0.57 0.61 0.63 0.62 0.63 0.65 0.67 0.71
 [38,] 1.00 1.00 1.00 1.00 1.00 1.00 1.00 1.00 1.00 1.00 1.00 1.00
 [39,] 1.00 1.00 1.00 1.00 1.00 1.00 1.00 1.00 1.00 1.00 1.00 1.00
 [40,] 0.00 0.00 0.00 0.00 0.00 0.08 0.12 0.12 0.15 0.08 0.00 0.00
 [41,] 1.00 1.00 1.00 1.00 1.00 1.00 1.00 1.00 1.00 1.00 1.00 1.00
 [42,] 1.00 1.00 1.00 1.00 1.00 1.00 1.00 1.00 1.00 1.00 1.00 1.00
 [43,] 0.91 0.95 0.96 0.95 0.92 0.91 0.91 0.91 0.91 0.91 0.91 0.91
 [44,] 0.99 0.99 0.99 0.99 0.99 1.00 1.00 1.00 1.00 0.99 0.99 0.99
 [45,] 1.00 1.00 1.00 1.00 1.00 1.00 1.00 1.00 1.00 1.00 1.00 1.00
 [46,] 1.00 1.00 1.00 1.00 1.00 1.00 1.00 1.00 1.00 1.00 1.00 1.00
 [47,] 0.91 0.91 0.91 0.91 0.91 0.94 0.96 0.96 0.94 0.92 0.91 0.91
 [48,] 1.00 1.00 1.00 1.00 1.00 1.00 1.00 1.00 1.00 1.00 1.00 1.00
 [49,] 1.00 0.97 0.97 0.97 0.97 1.00 1.00 1.00 1.00 1.00 1.00 1.00
 [50,] 0.92 0.89 0.88 0.88 0.88 0.92 0.94 0.94 0.96 0.98 1.00 0.99
 [51,] 0.76 0.71 0.70 0.70 0.70 0.76 0.79 0.79 0.80 0.83 0.86 0.84
 [52,] 0.74 0.87 0.89 0.86 0.79 0.74 0.74 0.74 0.74 0.74 0.74 0.74
 [53,] 1.00 1.00 1.00 1.00 1.00 1.00 1.00 1.00 1.00 1.00 1.00 1.00
 [54,] 1.00 1.00 1.00 1.00 0.98 1.00 1.00 1.00 1.00 1.00 1.00 1.00
 [55,] 0.66 0.62 0.61 0.61 0.61 0.66 0.69 0.69 0.70 0.73 0.75 0.74
 [56,] 0.04 0.00 0.00 0.00 0.00 0.04 0.07 0.07 0.09 0.11 0.14 0.13
 [57,] 1.00 1.00 1.00 1.00 1.00 1.00 1.00 1.00 1.00 1.00 1.00 1.00
 [58,] 1.00 1.00 1.00 1.00 1.00 1.00 1.00 1.00 1.00 1.00 1.00 1.00
 [59,] 1.00 1.00 1.00 1.00 1.00 1.00 1.00 1.00 1.00 1.00 1.00 1.00
 [60,] 1.00 1.00 1.00 1.00 1.00 1.00 1.00 1.00 1.00 1.00 1.00 1.00
 [61,] 1.00 1.00 1.00 1.00 1.00 1.00 1.00 1.00 1.00 1.00 1.00 1.00
 [62,] 1.00 1.00 1.00 1.00 1.00 1.00 1.00 1.00 1.00 1.00 1.00 1.00
 [63,] 1.00 1.00 1.00 1.00 1.00 1.00 1.00 1.00 1.00 1.00 1.00 1.00
 [64,] 1.00 1.00 1.00 1.00 1.00 1.00 1.00 1.00 1.00 1.00 1.00 1.00
 [65,] 1.00 1.00 1.00 1.00 1.00 1.00 1.00 1.00 1.00 1.00 1.00 1.00
 [66,] 1.00 1.00 1.00 1.00 1.00 1.00 1.00 1.00 1.00 1.00 1.00 1.00
 [67,] 1.00 1.00 1.00 1.00 1.00 1.00 1.00 1.00 1.00 1.00 1.00 1.00
 [68,] 1.00 1.00 1.00 1.00 1.00 1.00 1.00 1.00 1.00 1.00 1.00 1.00
 [69,] 0.94 1.00 1.00 0.96 0.94 0.94 0.94 0.94 0.94 0.94 0.94 0.94
 [70,] 1.00 1.00 1.00 1.00 1.00 1.00 1.00 1.00 1.00 1.00 1.00 1.00
 [71,] 0.94 1.00 1.00 1.00 1.00 1.00 0.96 0.94 0.94 0.94 0.94 0.94
 [72,] 1.00 1.00 1.00 1.00 1.00 1.00 1.00 1.00 1.00 1.00 1.00 1.00
 [73,] 1.00 1.00 1.00 1.00 1.00 1.00 1.00 1.00 1.00 1.00 1.00 1.00
 [74,] 1.00 1.00 1.00 1.00 1.00 1.00 1.00 1.00 1.00 1.00 1.00 1.00
 [75,] 0.94 1.00 1.00 0.96 0.94 0.94 0.94 0.94 0.94 0.94 0.94 0.94
 [76,] 1.00 1.00 1.00 1.00 1.00 1.00 1.00 1.00 1.00 1.00 1.00 1.00
 [77,] 1.00 1.00 1.00 1.00 1.00 1.00 1.00 1.00 1.00 1.00 1.00 1.00
 [78,] 1.00 1.00 1.00 1.00 1.00 1.00 1.00 1.00 1.00 1.00 1.00 1.00
 [79,] 1.00 1.00 1.00 1.00 1.00 1.00 1.00 1.00 1.00 1.00 1.00 1.00
 [80,] 1.00 1.00 1.00 1.00 1.00 1.00 1.00 1.00 1.00 1.00 1.00 1.00
 [81,] 1.00 1.00 1.00 1.00 1.00 1.00 1.00 1.00 1.00 1.00 1.00 1.00
 [82,] 1.00 1.00 1.00 1.00 1.00 1.00 1.00 1.00 1.00 1.00 1.00 1.00
 [83,] 0.00 0.00 0.00 0.00 0.00 0.00 0.00 0.00 0.00 0.00 0.00 0.00
 [84,] 1.00 1.00 1.00 1.00 1.00 1.00 1.00 1.00 1.00 1.00 1.00 1.00
 [85,] 1.00 1.00 1.00 1.00 1.00 1.00 1.00 1.00 1.00 1.00 1.00 1.00
 [86,] 1.00 1.00 1.00 1.00 1.00 1.00 1.00 1.00 1.00 1.00 1.00 1.00
 [87,] 1.00 1.00 1.00 1.00 1.00 1.00 1.00 1.00 1.00 1.00 1.00 1.00
 [88,] 1.00 1.00 1.00 1.00 1.00 1.00 1.00 1.00 1.00 1.00 1.00 1.00
 [89,] 0.99 0.99 0.99 0.99 0.99 0.99 0.99 0.99 0.99 0.99 0.99 0.99
 [90,] 1.00 1.00 1.00 1.00 1.00 1.00 1.00 1.00 1.00 1.00 1.00 1.00
 [91,] 1.00 1.00 1.00 1.00 1.00 1.00 1.00 1.00 1.00 1.00 1.00 1.00
 [92,] 1.00 1.00 1.00 1.00 1.00 1.00 1.00 1.00 1.00 1.00 1.00 1.00
 [93,] 1.00 1.00 1.00 1.00 1.00 1.00 1.00 1.00 1.00 1.00 1.00 1.00
 [94,] 1.00 1.00 1.00 1.00 1.00 1.00 1.00 1.00 1.00 1.00 1.00 1.00
 [95,] 1.00 1.00 1.00 1.00 1.00 1.00 1.00 1.00 1.00 1.00 1.00 1.00
 [96,] 1.00 1.00 1.00 1.00 1.00 1.00 1.00 1.00 1.00 1.00 1.00 1.00
 [97,] 1.00 1.00 1.00 1.00 1.00 1.00 1.00 1.00 1.00 1.00 1.00 1.00
 [98,] 1.00 1.00 1.00 1.00 1.00 1.00 1.00 1.00 1.00 1.00 1.00 1.00
 [99,] 0.98 0.98 0.98 0.98 0.98 1.00 0.98 0.98 0.98 0.98 0.98 0.98
[100,] 1.00 1.00 1.00 1.00 1.00 1.00 1.00 1.00 1.00 1.00 1.00 1.00
[101,] 1.00 1.00 1.00 1.00 1.00 1.00 1.00 1.00 1.00 1.00 1.00 1.00
[102,] 0.60 0.58 0.58 0.58 0.58 0.66 0.70 0.70 0.72 0.76 0.78 0.66
[103,] 0.09 0.09 0.09 0.09 0.09 0.09 0.09 0.09 0.09 0.09 0.09 0.09
[104,] 1.00 1.00 1.00 1.00 1.00 1.00 1.00 1.00 1.00 1.00 1.00 1.00
[105,] 0.90 1.00 1.00 0.94 0.90 0.90 0.90 0.90 0.90 0.90 0.90 0.90
[106,] 0.46 0.46 0.46 0.46 0.46 0.49 0.50 0.50 0.51 0.49 0.47 0.46
[107,] 1.00 1.00 1.00 1.00 1.00 1.00 1.00 1.00 1.00 1.00 1.00 1.00
[108,] 1.00 1.00 1.00 1.00 1.00 1.00 1.00 1.00 1.00 1.00 1.00 1.00
[109,] 1.00 1.00 1.00 1.00 1.00 1.00 1.00 1.00 1.00 1.00 1.00 1.00
[110,] 1.00 1.00 1.00 1.00 1.00 1.00 1.00 1.00 1.00 1.00 1.00 1.00
[111,] 1.00 1.00 1.00 1.00 1.00 1.00 1.00 1.00 1.00 1.00 1.00 1.00
[112,] 1.00 1.00 1.00 1.00 1.00 1.00 1.00 1.00 1.00 1.00 1.00 1.00
[113,] 1.00 1.00 1.00 1.00 1.00 1.00 1.00 1.00 1.00 1.00 1.00 1.00
[114,] 1.00 1.00 1.00 1.00 1.00 1.00 1.00 1.00 1.00 1.00 1.00 1.00
[115,] 1.00 1.00 1.00 1.00 1.00 1.00 1.00 1.00 1.00 1.00 1.00 1.00
[116,] 1.00 1.00 1.00 1.00 1.00 1.00 1.00 1.00 1.00 1.00 1.00 1.00
[117,] 1.00 1.00 1.00 1.00 1.00 1.00 1.00 1.00 1.00 1.00 1.00 1.00
[118,] 0.60 0.58 0.58 0.58 0.58 0.66 0.70 0.70 0.72 0.76 0.78 0.66
[119,] 1.00 1.00 1.00 1.00 1.00 1.00 1.00 1.00 1.00 1.00 1.00 1.00
[120,] 1.00 1.00 1.00 1.00 1.00 1.00 1.00 1.00 1.00 1.00 1.00 1.00
[121,] 1.00 1.00 1.00 1.00 1.00 1.00 1.00 1.00 1.00 1.00 1.00 1.00
[122,] 1.00 1.00 1.00 1.00 1.00 1.00 1.00 1.00 1.00 1.00 1.00 1.00
[123,] 1.00 1.00 1.00 1.00 1.00 1.00 1.00 1.00 1.00 1.00 1.00 1.00
[124,] 1.00 1.00 1.00 1.00 1.00 1.00 1.00 1.00 1.00 1.00 1.00 1.00
[125,] 1.00 1.00 1.00 1.00 1.00 1.00 1.00 1.00 1.00 1.00 1.00 1.00
[126,] 0.96 0.98 0.96 0.96 0.96 0.96 0.96 0.96 0.96 0.96 0.96 0.96
[127,] 1.00 1.00 1.00 1.00 1.00 1.00 1.00 1.00 1.00 1.00 1.00 1.00
[128,] 1.00 1.00 1.00 1.00 1.00 1.00 1.00 1.00 1.00 1.00 1.00 1.00
[129,] 1.00 1.00 1.00 1.00 1.00 1.00 1.00 1.00 1.00 1.00 1.00 1.00
[130,] 1.00 1.00 1.00 1.00 1.00 1.00 1.00 1.00 1.00 1.00 1.00 1.00
[131,] 1.00 1.00 1.00 1.00 1.00 1.00 1.00 1.00 1.00 1.00 1.00 1.00
[132,] 1.00 1.00 1.00 1.00 1.00 1.00 1.00 1.00 1.00 1.00 1.00 1.00
[133,] 1.00 1.00 1.00 1.00 1.00 1.00 1.00 1.00 1.00 1.00 1.00 1.00
[134,] 1.00 1.00 1.00 1.00 1.00 1.00 1.00 1.00 1.00 1.00 1.00 1.00
[135,] 1.00 1.00 1.00 1.00 1.00 1.00 1.00 1.00 1.00 1.00 1.00 1.00
[136,] 1.00 1.00 1.00 1.00 1.00 1.00 1.00 1.00 1.00 1.00 1.00 1.00
[137,] 1.00 1.00 1.00 1.00 1.00 1.00 1.00 1.00 1.00 1.00 1.00 1.00
[138,] 1.00 1.00 1.00 1.00 1.00 1.00 1.00 1.00 1.00 1.00 1.00 1.00
[139,] 1.00 1.00 1.00 1.00 1.00 1.00 1.00 1.00 1.00 1.00 1.00 1.00
[140,] 1.00 1.00 1.00 1.00 1.00 1.00 1.00 1.00 1.00 1.00 1.00 1.00
[141,] 1.00 1.00 1.00 1.00 1.00 1.00 1.00 1.00 1.00 1.00 1.00 1.00
[142,] 1.00 1.00 1.00 1.00 1.00 1.00 1.00 1.00 1.00 1.00 1.00 1.00
[143,] 1.00 1.00 1.00 1.00 1.00 1.00 1.00 1.00 1.00 1.00 1.00 1.00
[144,] 1.00 1.00 1.00 1.00 1.00 1.00 1.00 1.00 1.00 1.00 1.00 1.00

$rseason
  [1]  7  8  9 10 12  4  4  4  8  3  1  8 11  2 12  4  3 14  8  3  3 11  4 10 12  3  8  9 12  3  9  4 10  3  1 12  1  9 11  6
 [41]  4  2  8  8 10 11  7  4  4  3  3  8  7  1  3  3  4  9  6 12 12  9 10 10  9 12 12  4  9  2  6 10  8  9  9  3  3  7  8  7
 [81]  9 12  7 12  9 12  6  9 12 11  4  4 12  3  3  8 12 12 11  9 12  4 12  6  9  6 12  9  4 12 10 12  3 12 12 12 12  4  8 11
[121]  6 12  6  9  4 11  5  8 10  2  4  4  5  8  4 10  6 11 12  9  5  4  8 10

$rainaggreg
        Jan  Feb  Mar  Apr  May  Jun  Jul  Aug  Sep  Oct  Nov  Dec
  [1,]  984  944  969 1063 1149 1213 1272 1273 1289 1314 1261 1115
  [2,] 1108 1084 1203 1314 1394 1377 1387 1413 1454 1495 1366 1229
  [3,] 1248 1318 1454 1559 1558 1492 1527 1578 1635 1600 1480 1353
  [4,] 1482 1569 1699 1723 1673 1632 1692 1759 1740 1714 1604 1493
  [5,] 1978 1978 1978 1978 1978 1978 1978 1978 1978 1978 1978 1978
  [6,]  584  601  591  565  524  483  612  749  870  894  775  664
  [7,]  584  601  591  565  524  483  612  749  870  894  775  664
  [8,]  584  601  591  565  524  483  612  749  870  894  775  664
  [9,] 1108 1084 1203 1314 1394 1377 1387 1413 1454 1495 1366 1229
 [10,]  419  420  486  451  400  343  378  498  625  730  660  524
 [11,]  164  115  140  165  181  105  114  124  140  234  251  245
 [12,] 1108 1084 1203 1314 1394 1377 1387 1413 1454 1495 1366 1229
 [13,] 1733 1814 1863 1838 1813 1797 1873 1864 1854 1838 1744 1727
 [14,]  279  255  305  346  286  219  238  264  374  485  496  409
 [15,] 1978 1978 1978 1978 1978 1978 1978 1978 1978 1978 1978 1978
 [16,]  584  601  591  565  524  483  612  749  870  894  775  664
 [17,]  419  420  486  451  400  343  378  498  625  730  660  524
 [18,] 1978 1978 1978 1978 1978 1978 1978 1978 1978 1978 1978 1978
 [19,] 1108 1084 1203 1314 1394 1377 1387 1413 1454 1495 1366 1229
 [20,]  419  420  486  451  400  343  378  498  625  730  660  524
 [21,]  419  420  486  451  400  343  378  498  625  730  660  524
 [22,] 1733 1814 1863 1838 1813 1797 1873 1864 1854 1838 1744 1727
 [23,]  584  601  591  565  524  483  612  749  870  894  775  664
 [24,] 1482 1569 1699 1723 1673 1632 1692 1759 1740 1714 1604 1493
 [25,] 1978 1978 1978 1978 1978 1978 1978 1978 1978 1978 1978 1978
 [26,]  419  420  486  451  400  343  378  498  625  730  660  524
 [27,] 1108 1084 1203 1314 1394 1377 1387 1413 1454 1495 1366 1229
 [28,] 1248 1318 1454 1559 1558 1492 1527 1578 1635 1600 1480 1353
 [29,] 1978 1978 1978 1978 1978 1978 1978 1978 1978 1978 1978 1978
 [30,]  419  420  486  451  400  343  378  498  625  730  660  524
 [31,] 1248 1318 1454 1559 1558 1492 1527 1578 1635 1600 1480 1353
 [32,]  584  601  591  565  524  483  612  749  870  894  775  664
 [33,] 1482 1569 1699 1723 1673 1632 1692 1759 1740 1714 1604 1493
 [34,]  419  420  486  451  400  343  378  498  625  730  660  524
 [35,]  164  115  140  165  181  105  114  124  140  234  251  245
 [36,] 1978 1978 1978 1978 1978 1978 1978 1978 1978 1978 1978 1978
 [37,]  164  115  140  165  181  105  114  124  140  234  251  245
 [38,] 1248 1318 1454 1559 1558 1492 1527 1578 1635 1600 1480 1353
 [39,] 1733 1814 1863 1838 1813 1797 1873 1864 1854 1838 1744 1727
 [40,]  870  820  829  829  898  968 1108 1158 1149 1149 1080 1010
 [41,]  584  601  591  565  524  483  612  749  870  894  775  664
 [42,]  279  255  305  346  286  219  238  264  374  485  496  409
 [43,] 1108 1084 1203 1314 1394 1377 1387 1413 1454 1495 1366 1229
 [44,] 1108 1084 1203 1314 1394 1377 1387 1413 1454 1495 1366 1229
 [45,] 1482 1569 1699 1723 1673 1632 1692 1759 1740 1714 1604 1493
 [46,] 1733 1814 1863 1838 1813 1797 1873 1864 1854 1838 1744 1727
 [47,]  984  944  969 1063 1149 1213 1272 1273 1289 1314 1261 1115
 [48,]  584  601  591  565  524  483  612  749  870  894  775  664
 [49,]  584  601  591  565  524  483  612  749  870  894  775  664
 [50,]  419  420  486  451  400  343  378  498  625  730  660  524
 [51,]  419  420  486  451  400  343  378  498  625  730  660  524
 [52,] 1108 1084 1203 1314 1394 1377 1387 1413 1454 1495 1366 1229
 [53,]  984  944  969 1063 1149 1213 1272 1273 1289 1314 1261 1115
 [54,]  164  115  140  165  181  105  114  124  140  234  251  245
 [55,]  419  420  486  451  400  343  378  498  625  730  660  524
 [56,]  419  420  486  451  400  343  378  498  625  730  660  524
 [57,]  584  601  591  565  524  483  612  749  870  894  775  664
 [58,] 1248 1318 1454 1559 1558 1492 1527 1578 1635 1600 1480 1353
 [59,]  870  820  829  829  898  968 1108 1158 1149 1149 1080 1010
 [60,] 1978 1978 1978 1978 1978 1978 1978 1978 1978 1978 1978 1978
 [61,] 1978 1978 1978 1978 1978 1978 1978 1978 1978 1978 1978 1978
 [62,] 1248 1318 1454 1559 1558 1492 1527 1578 1635 1600 1480 1353
 [63,] 1482 1569 1699 1723 1673 1632 1692 1759 1740 1714 1604 1493
 [64,] 1482 1569 1699 1723 1673 1632 1692 1759 1740 1714 1604 1493
 [65,] 1248 1318 1454 1559 1558 1492 1527 1578 1635 1600 1480 1353
 [66,] 1978 1978 1978 1978 1978 1978 1978 1978 1978 1978 1978 1978
 [67,] 1978 1978 1978 1978 1978 1978 1978 1978 1978 1978 1978 1978
 [68,]  584  601  591  565  524  483  612  749  870  894  775  664
 [69,] 1248 1318 1454 1559 1558 1492 1527 1578 1635 1600 1480 1353
 [70,]  279  255  305  346  286  219  238  264  374  485  496  409
 [71,]  870  820  829  829  898  968 1108 1158 1149 1149 1080 1010
 [72,] 1482 1569 1699 1723 1673 1632 1692 1759 1740 1714 1604 1493
 [73,] 1108 1084 1203 1314 1394 1377 1387 1413 1454 1495 1366 1229
 [74,] 1248 1318 1454 1559 1558 1492 1527 1578 1635 1600 1480 1353
 [75,] 1248 1318 1454 1559 1558 1492 1527 1578 1635 1600 1480 1353
 [76,]  419  420  486  451  400  343  378  498  625  730  660  524
 [77,]  419  420  486  451  400  343  378  498  625  730  660  524
 [78,]  984  944  969 1063 1149 1213 1272 1273 1289 1314 1261 1115
 [79,] 1108 1084 1203 1314 1394 1377 1387 1413 1454 1495 1366 1229
 [80,]  984  944  969 1063 1149 1213 1272 1273 1289 1314 1261 1115
 [81,] 1248 1318 1454 1559 1558 1492 1527 1578 1635 1600 1480 1353
 [82,] 1978 1978 1978 1978 1978 1978 1978 1978 1978 1978 1978 1978
 [83,]  984  944  969 1063 1149 1213 1272 1273 1289 1314 1261 1115
 [84,] 1978 1978 1978 1978 1978 1978 1978 1978 1978 1978 1978 1978
 [85,] 1248 1318 1454 1559 1558 1492 1527 1578 1635 1600 1480 1353
 [86,] 1978 1978 1978 1978 1978 1978 1978 1978 1978 1978 1978 1978
 [87,]  870  820  829  829  898  968 1108 1158 1149 1149 1080 1010
 [88,] 1248 1318 1454 1559 1558 1492 1527 1578 1635 1600 1480 1353
 [89,] 1978 1978 1978 1978 1978 1978 1978 1978 1978 1978 1978 1978
 [90,] 1733 1814 1863 1838 1813 1797 1873 1864 1854 1838 1744 1727
 [91,]  584  601  591  565  524  483  612  749  870  894  775  664
 [92,]  584  601  591  565  524  483  612  749  870  894  775  664
 [93,] 1978 1978 1978 1978 1978 1978 1978 1978 1978 1978 1978 1978
 [94,]  419  420  486  451  400  343  378  498  625  730  660  524
 [95,]  419  420  486  451  400  343  378  498  625  730  660  524
 [96,] 1108 1084 1203 1314 1394 1377 1387 1413 1454 1495 1366 1229
 [97,] 1978 1978 1978 1978 1978 1978 1978 1978 1978 1978 1978 1978
 [98,] 1978 1978 1978 1978 1978 1978 1978 1978 1978 1978 1978 1978
 [99,] 1733 1814 1863 1838 1813 1797 1873 1864 1854 1838 1744 1727
[100,] 1248 1318 1454 1559 1558 1492 1527 1578 1635 1600 1480 1353
[101,] 1978 1978 1978 1978 1978 1978 1978 1978 1978 1978 1978 1978
[102,]  584  601  591  565  524  483  612  749  870  894  775  664
[103,] 1978 1978 1978 1978 1978 1978 1978 1978 1978 1978 1978 1978
[104,]  870  820  829  829  898  968 1108 1158 1149 1149 1080 1010
[105,] 1248 1318 1454 1559 1558 1492 1527 1578 1635 1600 1480 1353
[106,]  870  820  829  829  898  968 1108 1158 1149 1149 1080 1010
[107,] 1978 1978 1978 1978 1978 1978 1978 1978 1978 1978 1978 1978
[108,] 1248 1318 1454 1559 1558 1492 1527 1578 1635 1600 1480 1353
[109,]  584  601  591  565  524  483  612  749  870  894  775  664
[110,] 1978 1978 1978 1978 1978 1978 1978 1978 1978 1978 1978 1978
[111,] 1482 1569 1699 1723 1673 1632 1692 1759 1740 1714 1604 1493
[112,] 1978 1978 1978 1978 1978 1978 1978 1978 1978 1978 1978 1978
[113,]  419  420  486  451  400  343  378  498  625  730  660  524
[114,] 1978 1978 1978 1978 1978 1978 1978 1978 1978 1978 1978 1978
[115,] 1978 1978 1978 1978 1978 1978 1978 1978 1978 1978 1978 1978
[116,] 1978 1978 1978 1978 1978 1978 1978 1978 1978 1978 1978 1978
[117,] 1978 1978 1978 1978 1978 1978 1978 1978 1978 1978 1978 1978
[118,]  584  601  591  565  524  483  612  749  870  894  775  664
[119,] 1108 1084 1203 1314 1394 1377 1387 1413 1454 1495 1366 1229
[120,] 1733 1814 1863 1838 1813 1797 1873 1864 1854 1838 1744 1727
[121,]  870  820  829  829  898  968 1108 1158 1149 1149 1080 1010
[122,] 1978 1978 1978 1978 1978 1978 1978 1978 1978 1978 1978 1978
[123,]  870  820  829  829  898  968 1108 1158 1149 1149 1080 1010
[124,] 1248 1318 1454 1559 1558 1492 1527 1578 1635 1600 1480 1353
[125,]  584  601  591  565  524  483  612  749  870  894  775  664
[126,] 1733 1814 1863 1838 1813 1797 1873 1864 1854 1838 1744 1727
[127,]  765  706  705  689  664  717  863  994 1034 1009  915  829
[128,] 1108 1084 1203 1314 1394 1377 1387 1413 1454 1495 1366 1229
[129,] 1482 1569 1699 1723 1673 1632 1692 1759 1740 1714 1604 1493
[130,]  279  255  305  346  286  219  238  264  374  485  496  409
[131,]  584  601  591  565  524  483  612  749  870  894  775  664
[132,]  584  601  591  565  524  483  612  749  870  894  775  664
[133,]  765  706  705  689  664  717  863  994 1034 1009  915  829
[134,] 1108 1084 1203 1314 1394 1377 1387 1413 1454 1495 1366 1229
[135,]  584  601  591  565  524  483  612  749  870  894  775  664
[136,] 1482 1569 1699 1723 1673 1632 1692 1759 1740 1714 1604 1493
[137,]  870  820  829  829  898  968 1108 1158 1149 1149 1080 1010
[138,] 1733 1814 1863 1838 1813 1797 1873 1864 1854 1838 1744 1727
[139,] 1978 1978 1978 1978 1978 1978 1978 1978 1978 1978 1978 1978
[140,] 1248 1318 1454 1559 1558 1492 1527 1578 1635 1600 1480 1353
[141,]  765  706  705  689  664  717  863  994 1034 1009  915  829
[142,]  584  601  591  565  524  483  612  749  870  894  775  664
[143,] 1108 1084 1203 1314 1394 1377 1387 1413 1454 1495 1366 1229
[144,] 1482 1569 1699 1723 1673 1632 1692 1759 1740 1714 1604 1493

$recocrop
       tabs_min topt_min topt_max tabs_max
  [1,]       12       22       27       35
  [2,]        8       14       27       33
  [3,]       10       14       28       34
  [4,]        7       16       33       39
  [5,]       10       14       40       45
  [6,]       16       19       30       38
  [7,]       16       19       30       38
  [8,]       16       19       30       38
  [9,]       13       22       32       38
 [10,]        7       18       27       36
 [11,]        7       21       28       40
 [12,]       10       23       30       36
 [13,]       17       22       27       31
 [14,]        7       18       30       40
 [15,]       16       20       28       36
 [16,]       15       22       30       38
 [17,]        8       22       35       40
 [18,]       12       20       36       40
 [19,]       16       21       33       40
 [20,]        3       15       24       35
 [21,]       12       19       27       38
 [22,]        8       15       28       38
 [23,]        8       17       30       35
 [24,]       10       22       30       35
 [25,]       10       20       32       39
 [26,]        3       15       24       30
 [27,]        5       15       35       46
 [28,]       10       20       29       35
 [29,]       18       25       30       38
 [30,]        5       10       25       30
 [31,]       16       22       38       47
 [32,]        7       15       29       35
 [33,]       11       20       34       42
 [34,]        8       13       18       34
 [35,]        2       10       20       35
 [36,]        7       20       28       36
 [37,]        8       12       22       34
 [38,]       10       21       32       38
 [39,]       14       22       34       38
 [40,]        5       15       23       27
 [41,]       15       25       35       40
 [42,]        6       18       32       38
 [43,]        8       27       41       47
 [44,]        7       23       27       34
 [45,]       12       20       35       40
 [46,]       12       22       40       45
 [47,]        4       16       26       38
 [48,]        8       18       30       35
 [49,]       18       22       27       31
 [50,]        5       16       26       35
 [51,]        7       16       25       32
 [52,]       20       27       32       36
 [53,]       10       18       30       38
 [54,]       18       21       27       32
 [55,]        7       15       24       32
 [56,]        2       13       20       27
 [57,]       10       22       32       45
 [58,]       10       20       33       45
 [59,]        3       18       32       38
 [60,]        4       25       35       42
 [61,]       12       24       30       36
 [62,]       14       20       29       35
 [63,]       16       20       30       34
 [64,]       16       20       30       34
 [65,]       12       20       32       48
 [66,]       12       20       30       40
 [67,]       10       21       30       36
 [68,]       13       20       37       45
 [69,]       13       26       32       38
 [70,]        7       15       28       40
 [71,]       13       26       32       38
 [72,]       12       20       35       40
 [73,]       18       24       30       34
 [74,]       10       20       32       42
 [75,]       13       26       32       38
 [76,]       14       20       35       38
 [77,]        9       20       35       40
 [78,]       10       18       33       47
 [79,]       16       22       28       33
 [80,]       12       23       34       38
 [81,]        8       24       30       48
 [82,]       15       20       30       40
 [83,]        4       12       20       24
 [84,]       15       20       28       32
 [85,]        7       20       35       48
 [86,]       10       21       30       36
 [87,]       15       21       40       45
 [88,]       13       20       30       38
 [89,]       20       23       27       35
 [90,]       12       20       35       38
 [91,]       12       20       30       35
 [92,]       10       20       30       36
 [93,]       12       21       30       44
 [94,]       12       25       35       40
 [95,]       15       20       32       38
 [96,]       10       18       38       45
 [97,]       12       22       34       40
 [98,]       10       21       30       36
 [99,]       12       21       27       32
[100,]        8       23       32       40
[101,]       12       23       32       40
[102,]        7       15       25       30
[103,]       12      160       28       38
[104,]       15       20       32       45
[105,]       18       26       32       38
[106,]        2       14       18       35
[107,]       18       24       28       34
[108,]       10       21       35       42
[109,]        8       17       30       35
[110,]       12       18       28       34
[111,]        5       18       38       40
[112,]       10       16       32       36
[113,]        9       20       35       40
[114,]       10       24       33       45
[115,]       18       14       35       28
[116,]       18       25       36       40
[117,]       10       21       30       36
[118,]        4       12       25       30
[119,]       10       18       28       45
[120,]       16       24       34       40
[121,]       19       25       35       38
[122,]       12       22       30       36
[123,]        8       22       35       40
[124,]       13       20       30       36
[125,]       10       20       33       38
[126,]        5       26       35       38
[127,]       15       18       30       43
[128,]       11       23       30       41
[129,]       15       24       37       41
[130,]       10       15       35       40
[131,]       10       18       28       38
[132,]       10       20       30       40
[133,]       12       20       35       45
[134,]       10       21       28       35
[135,]        2       22       28       30
[136,]       18       20       28       32
[137,]       10       20       30       34
[138,]       16       23       28       33
[139,]       15       20       35       40
[140,]       14       20       32       40
[141,]       14       18       30       40
[142,]       12       24       30       37
[143,]       10       20       28       35
[144,]       15       24       37       41
[145,]       15       24       37       41

$rainsuits
        Jan  Feb  Mar   Apr  May  Jun  Jul  Aug  Sep  Oct   Nov   Dec
  [1,] 1.00 1.00 1.00 1.000 1.00 1.00 1.00 1.00 1.00 1.00 1.000 1.000
  [2,] 1.00 1.00 1.00 1.000 1.00 1.00 1.00 1.00 1.00 1.00 1.000 1.000
  [3,] 0.77 0.87 1.00 1.000 1.00 1.00 1.00 1.00 1.00 1.00 1.000 0.928
  [4,] 0.98 1.00 1.00 1.000 1.00 1.00 1.00 1.00 1.00 1.00 1.000 0.991
  [5,] 1.00 1.00 1.00 1.000 1.00 1.00 1.00 1.00 1.00 1.00 1.000 1.000
  [6,] 0.63 0.67 0.65 0.589 0.50 0.41 0.69 1.00 1.00 1.00 1.000 0.809
  [7,] 0.63 0.67 0.65 0.589 0.50 0.41 0.69 1.00 1.00 1.00 1.000 0.809
  [8,] 0.63 0.67 0.65 0.589 0.50 0.41 0.69 1.00 1.00 1.00 1.000 0.809
  [9,] 0.00 0.00 0.00 0.000 0.00 0.00 0.00 0.00 0.00 0.00 0.000 0.000
 [10,] 0.00 0.00 0.00 0.000 0.00 0.00 0.00 0.00 0.06 0.33 0.150 0.000
 [11,] 0.00 0.00 0.00 0.000 0.00 0.00 0.00 0.00 0.00 0.00 0.002 0.000
 [12,] 0.82 0.77 1.00 1.000 1.00 1.00 1.00 1.00 1.00 1.00 1.000 1.000
 [13,] 0.00 0.00 0.00 0.000 0.00 0.00 0.00 0.00 0.00 0.00 0.000 0.000
 [14,] 0.00 0.00 0.00 0.000 0.00 0.00 0.00 0.00 0.00 0.42 0.480 0.045
 [15,] 1.00 1.00 1.00 1.000 1.00 1.00 1.00 1.00 1.00 1.00 1.000 1.000
 [16,] 0.00 0.00 0.00 0.000 0.00 0.00 0.00 0.00 0.00 0.00 0.000 0.000
 [17,] 0.00 0.00 0.00 0.000 0.00 0.00 0.00 0.00 0.79 1.00 1.000 0.000
 [18,] 0.58 0.58 0.58 0.578 0.58 0.58 0.58 0.58 0.58 0.58 0.578 0.578
 [19,] 0.22 0.17 0.41 0.628 0.79 0.75 0.77 0.83 0.91 0.99 0.732 0.458
 [20,] 0.13 0.13 0.25 0.184 0.09 0.00 0.05 0.27 0.50 0.69 0.564 0.316
 [21,] 0.00 0.00 0.00 0.000 0.00 0.00 0.00 0.00 0.00 0.06 0.000 0.000
 [22,] 1.00 1.00 1.00 1.000 1.00 1.00 1.00 1.00 1.00 1.00 1.000 1.000
 [23,] 0.84 1.00 0.91 0.650 0.24 0.00 1.00 1.00 1.00 1.00 1.000 1.000
 [24,] 0.00 0.05 0.13 0.149 0.12 0.09 0.13 0.17 0.16 0.14 0.069 0.000
 [25,] 0.02 0.02 0.02 0.022 0.02 0.02 0.02 0.02 0.02 0.02 0.022 0.022
 [26,] 0.10 0.10 0.43 0.255 0.00 0.00 0.00 0.49 1.00 1.00 1.000 0.620
 [27,] 1.00 1.00 1.00 1.000 1.00 1.00 1.00 1.00 1.00 1.00 1.000 1.000
 [28,] 1.00 1.00 1.00 0.983 0.98 1.00 0.99 0.98 0.96 0.97 1.000 1.000
 [29,] 0.00 0.00 0.00 0.000 0.00 0.00 0.00 0.00 0.00 0.00 0.000 0.000
 [30,] 0.00 0.00 0.24 0.007 0.00 0.00 0.00 0.32 1.00 1.00 1.000 0.493
 [31,] 0.00 0.07 0.21 0.325 0.32 0.25 0.29 0.35 0.41 0.37 0.242 0.108
 [32,] 0.95 1.00 0.97 0.883 0.75 0.61 1.00 1.00 1.00 1.00 1.000 1.000
 [33,] 1.00 0.86 0.60 0.554 0.65 0.74 0.62 0.48 0.52 0.57 0.792 1.000
 [34,] 0.00 0.00 0.00 0.000 0.00 0.00 0.00 0.00 0.42 0.77 0.533 0.080
 [35,] 0.00 0.00 0.00 0.000 0.00 0.00 0.00 0.00 0.00 0.00 0.000 0.000
 [36,] 0.81 0.81 0.81 0.809 0.81 0.81 0.81 0.81 0.81 0.81 0.809 0.809
 [37,] 0.00 0.00 0.00 0.000 0.00 0.00 0.00 0.00 0.00 0.00 0.000 0.000
 [38,] 1.00 1.00 1.00 1.000 1.00 1.00 1.00 1.00 1.00 1.00 1.000 1.000
 [39,] 1.00 1.00 1.00 1.000 1.00 1.00 1.00 1.00 1.00 1.00 1.000 1.000
 [40,] 1.00 1.00 1.00 1.000 1.00 0.90 0.70 0.63 0.64 0.64 0.743 0.843
 [41,] 1.00 1.00 1.00 1.000 1.00 0.92 1.00 1.00 1.00 1.00 1.000 1.000
 [42,] 0.00 0.00 0.00 0.000 0.00 0.00 0.00 0.00 0.00 0.14 0.160 0.015
 [43,] 0.68 0.65 0.78 0.904 0.99 0.97 0.99 1.00 1.00 1.00 0.962 0.810
 [44,] 0.85 0.81 1.00 1.000 1.00 1.00 1.00 0.98 0.93 0.88 1.000 1.000
 [45,] 1.00 1.00 1.00 1.000 1.00 1.00 1.00 1.00 1.00 1.00 1.000 1.000
 [46,] 1.00 1.00 1.00 1.000 1.00 1.00 1.00 1.00 1.00 1.00 1.000 1.000
 [47,] 1.00 1.00 1.00 1.000 1.00 1.00 1.00 1.00 1.00 1.00 1.000 1.000
 [48,] 1.00 1.00 1.00 1.000 1.00 0.92 1.00 1.00 1.00 1.00 1.000 1.000
 [49,] 0.37 0.40 0.38 0.330 0.25 0.17 0.42 0.70 0.94 0.99 0.750 0.528
 [50,] 0.59 0.60 0.93 0.755 0.50 0.21 0.39 0.99 1.00 0.99 1.000 1.000
 [51,] 0.59 0.60 0.93 0.755 0.50 0.21 0.39 0.99 1.00 1.00 1.000 1.000
 [52,] 0.00 0.00 0.00 0.000 0.00 0.00 0.00 0.00 0.00 0.00 0.000 0.000
 [53,] 0.62 0.73 0.66 0.391 0.15 0.00 0.00 0.00 0.00 0.00 0.000 0.243
 [54,] 0.00 0.00 0.00 0.000 0.00 0.00 0.00 0.00 0.00 0.03 0.051 0.045
 [55,] 0.59 0.60 0.93 0.755 0.50 0.21 0.39 0.99 1.00 1.00 1.000 1.000
 [56,] 0.24 0.24 0.37 0.302 0.20 0.09 0.16 0.40 0.65 0.86 0.720 0.448
 [57,] 0.92 1.00 0.95 0.825 0.62 0.41 1.00 1.00 1.00 1.00 1.000 1.000
 [58,] 1.00 1.00 1.00 1.000 1.00 1.00 1.00 1.00 1.00 1.00 1.000 1.000
 [59,] 1.00 1.00 1.00 1.000 1.00 1.00 0.93 0.89 0.90 0.90 0.947 0.993
 [60,] 0.81 0.81 0.81 0.809 0.81 0.81 0.81 0.81 0.81 0.81 0.809 0.809
 [61,] 1.00 1.00 1.00 1.000 1.00 1.00 1.00 1.00 1.00 1.00 1.000 1.000
 [62,] 0.69 0.77 0.94 1.000 1.00 0.99 1.00 1.00 1.00 1.00 0.975 0.816
 [63,] 0.98 1.00 1.00 1.000 1.00 1.00 1.00 1.00 1.00 1.00 1.000 0.991
 [64,] 0.98 1.00 1.00 1.000 1.00 1.00 1.00 1.00 1.00 1.00 1.000 0.991
 [65,] 0.64 0.74 0.93 1.000 1.00 0.99 1.00 1.00 1.00 1.00 0.971 0.790
 [66,] 0.98 0.98 0.98 0.978 0.98 0.98 0.98 0.98 0.98 0.98 0.978 0.978
 [67,] 1.00 1.00 1.00 1.000 1.00 1.00 1.00 1.00 1.00 1.00 1.000 1.000
 [68,] 0.00 0.00 0.00 0.000 0.00 0.00 0.00 0.00 0.00 0.00 0.000 0.000
 [69,] 0.37 0.41 0.50 0.573 0.57 0.53 0.55 0.59 0.62 0.60 0.520 0.435
 [70,] 0.00 0.00 0.00 0.000 0.00 0.00 0.00 0.00 0.00 0.00 0.000 0.000
 [71,] 0.11 0.08 0.09 0.086 0.13 0.18 0.27 0.31 0.30 0.30 0.253 0.207
 [72,] 1.00 1.00 1.00 1.000 1.00 1.00 1.00 1.00 1.00 1.00 1.000 1.000
 [73,] 0.31 0.30 0.39 0.472 0.53 0.52 0.53 0.55 0.58 0.61 0.512 0.407
 [74,] 1.00 1.00 1.00 1.000 1.00 1.00 1.00 1.00 1.00 1.00 1.000 1.000
 [75,] 0.37 0.41 0.50 0.573 0.57 0.53 0.55 0.59 0.62 0.60 0.520 0.435
 [76,] 0.00 0.00 0.00 0.000 0.00 0.00 0.00 0.00 0.00 0.09 0.012 0.000
 [77,] 0.00 0.00 0.00 0.000 0.00 0.00 0.00 0.00 0.00 0.00 0.000 0.000
 [78,] 1.00 1.00 1.00 1.000 1.00 0.98 0.88 0.88 0.85 0.81 0.898 1.000
 [79,] 0.54 0.42 1.00 1.000 1.00 1.00 1.00 1.00 1.00 1.00 1.000 1.000
 [80,] 0.76 0.72 0.74 0.848 0.94 1.00 1.00 1.00 1.00 1.00 1.000 0.906
 [81,] 1.00 1.00 1.00 0.946 0.95 1.00 0.98 0.93 0.88 0.91 1.000 1.000
 [82,] 1.00 1.00 1.00 1.000 1.00 1.00 1.00 1.00 1.00 1.00 1.000 1.000
 [83,] 0.95 0.81 0.90 1.000 1.00 0.97 0.82 0.82 0.78 0.72 0.848 1.000
 [84,] 0.00 0.00 0.00 0.000 0.00 0.00 0.00 0.00 0.00 0.00 0.000 0.000
 [85,] 1.00 1.00 1.00 1.000 1.00 1.00 1.00 1.00 1.00 1.00 1.000 1.000
 [86,] 1.00 1.00 1.00 1.000 1.00 1.00 1.00 1.00 1.00 1.00 1.000 1.000
 [87,] 0.03 0.00 0.00 0.000 0.07 0.18 0.40 0.47 0.46 0.46 0.354 0.246
 [88,] 1.00 1.00 1.00 1.000 1.00 1.00 1.00 1.00 1.00 1.00 1.000 1.000
 [89,] 0.96 0.96 0.96 0.956 0.96 0.96 0.96 0.96 0.96 0.96 0.956 0.956
 [90,] 1.00 1.00 1.00 1.000 1.00 1.00 1.00 1.00 1.00 1.00 1.000 1.000
 [91,] 0.95 1.00 0.97 0.883 0.75 0.61 1.00 1.00 1.00 1.00 1.000 1.000
 [92,] 0.00 0.00 0.00 0.000 0.00 0.00 0.00 0.00 0.00 0.00 0.000 0.000
 [93,] 1.00 1.00 1.00 1.000 1.00 1.00 1.00 1.00 1.00 1.00 1.000 1.000
 [94,] 1.00 1.00 1.00 1.000 1.00 0.71 0.89 1.00 1.00 1.00 1.000 1.000
 [95,] 0.00 0.00 0.00 0.000 0.00 0.00 0.00 0.00 0.00 0.06 0.000 0.000
 [96,] 1.00 1.00 1.00 1.000 1.00 1.00 1.00 1.00 1.00 1.00 1.000 1.000
 [97,] 0.98 0.98 0.98 0.978 0.98 0.98 0.98 0.98 0.98 0.98 0.978 0.978
 [98,] 1.00 1.00 1.00 1.000 1.00 1.00 1.00 1.00 1.00 1.00 1.000 1.000
 [99,] 1.00 1.00 1.00 1.000 1.00 1.00 1.00 1.00 1.00 1.00 1.000 1.000
[100,] 0.98 0.96 0.92 0.880 0.88 0.90 0.89 0.87 0.85 0.87 0.907 0.949
[101,] 1.00 1.00 1.00 1.000 1.00 1.00 1.00 1.00 1.00 1.00 1.000 1.000
[102,] 1.00 1.00 1.00 1.000 1.00 0.93 1.00 1.00 0.94 0.92 1.000 1.000
[103,] 0.04 0.04 0.04 0.044 0.04 0.04 0.04 0.04 0.04 0.04 0.044 0.044
[104,] 0.52 0.72 0.68 0.684 0.41 0.13 0.00 0.00 0.00 0.00 0.000 0.000
[105,] 0.00 0.00 0.16 0.322 0.32 0.22 0.27 0.35 0.44 0.38 0.200 0.005
[106,] 1.00 1.00 1.00 1.000 1.00 1.00 0.93 0.90 0.91 0.91 0.950 0.994
[107,] 1.00 1.00 1.00 1.000 1.00 1.00 1.00 1.00 1.00 1.00 1.000 1.000
[108,] 0.00 0.00 0.09 0.265 0.26 0.15 0.21 0.30 0.39 0.33 0.133 0.000
[109,] 0.84 1.00 0.91 0.650 0.24 0.00 1.00 1.00 1.00 1.00 1.000 1.000
[110,] 1.00 1.00 1.00 1.000 1.00 1.00 1.00 1.00 1.00 1.00 1.000 1.000
[111,] 1.00 1.00 0.96 0.949 0.97 0.99 0.96 0.93 0.94 0.95 0.998 1.000
[112,] 1.00 1.00 1.00 1.000 1.00 1.00 1.00 1.00 1.00 1.00 1.000 1.000
[113,] 0.00 0.00 0.00 0.000 0.00 0.00 0.00 0.00 0.00 0.00 0.000 0.000
[114,] 0.97 0.97 0.97 0.973 0.97 0.97 0.97 0.97 0.97 0.97 0.973 0.973
[115,] 1.00 1.00 1.00 1.000 1.00 1.00 1.00 1.00 1.00 1.00 1.000 1.000
[116,] 0.00 0.00 0.00 0.000 0.00 0.00 0.00 0.00 0.00 0.00 0.000 0.000
[117,] 1.00 1.00 1.00 1.000 1.00 1.00 1.00 1.00 1.00 1.00 1.000 1.000
[118,] 1.00 1.00 1.00 1.000 1.00 1.00 0.99 0.93 0.88 0.87 0.920 0.971
[119,] 1.00 1.00 1.00 1.000 1.00 1.00 1.00 1.00 1.00 1.00 1.000 1.000
[120,] 1.00 1.00 1.00 1.000 1.00 1.00 1.00 1.00 1.00 1.00 1.000 1.000
[121,] 0.00 0.00 0.00 0.000 0.00 0.11 0.35 0.43 0.41 0.41 0.300 0.183
[122,] 1.00 1.00 1.00 1.000 1.00 1.00 1.00 1.00 1.00 1.00 1.000 1.000
[123,] 0.00 0.00 0.00 0.000 0.00 0.00 0.00 0.00 0.00 0.00 0.000 0.000
[124,] 1.00 1.00 1.00 1.000 1.00 1.00 1.00 1.00 1.00 1.00 1.000 1.000
[125,] 0.89 1.00 0.94 0.767 0.49 0.22 1.00 1.00 1.00 1.00 1.000 1.000
[126,] 0.81 0.78 0.76 0.772 0.78 0.79 0.76 0.76 0.77 0.77 0.806 0.812
[127,] 0.53 0.41 0.41 0.378 0.33 0.43 0.73 0.99 1.00 1.00 0.830 0.658
[128,] 1.00 1.00 1.00 0.959 0.93 0.94 0.93 0.92 0.91 0.89 0.941 0.990
[129,] 0.96 1.00 1.00 1.000 1.00 1.00 1.00 1.00 1.00 1.00 1.000 0.986
[130,] 0.00 0.00 0.00 0.000 0.00 0.00 0.00 0.00 0.00 0.00 0.000 0.000
[131,] 0.58 0.63 0.60 0.537 0.43 0.33 0.66 1.00 1.00 1.00 1.000 0.785
[132,] 0.95 1.00 0.97 0.883 0.75 0.61 1.00 1.00 1.00 1.00 1.000 1.000
[133,] 0.93 0.81 0.81 0.778 0.73 0.83 1.00 1.00 1.00 1.00 1.000 1.000
[134,] 0.14 0.10 0.25 0.393 0.49 0.47 0.48 0.52 0.57 0.62 0.458 0.286
[135,] 0.95 1.00 0.97 0.883 0.75 0.61 1.00 1.00 1.00 1.00 1.000 1.000
[136,] 1.00 1.00 1.00 1.000 1.00 1.00 1.00 1.00 1.00 1.00 1.000 1.000
[137,] 0.78 0.70 0.71 0.715 0.83 0.95 1.00 1.00 1.00 1.00 1.000 1.000
[138,] 1.00 1.00 1.00 1.000 1.00 1.00 1.00 1.00 1.00 1.00 1.000 1.000
[139,] 0.00 0.00 0.00 0.000 0.00 0.00 0.00 0.00 0.00 0.00 0.000 0.000
[140,] 1.00 1.00 1.00 1.000 1.00 1.00 1.00 1.00 1.00 1.00 1.000 1.000
[141,] 0.53 0.41 0.41 0.378 0.33 0.43 0.73 0.99 1.00 1.00 0.830 0.658
[142,] 1.00 1.00 1.00 1.000 1.00 1.00 1.00 1.00 0.96 0.95 1.000 1.000
[143,] 1.00 1.00 1.00 1.000 1.00 1.00 1.00 1.00 1.00 1.00 1.000 1.000
[144,] 0.96 1.00 1.00 1.000 1.00 1.00 1.00 1.00 1.00 1.00 1.000 0.986

$TCS
         Jan   Feb   Mar   Apr   May   Jun   Jul   Aug   Sep   Oct   Nov   Dec
  [1,]  98.7  98.7  98.7  98.7  98.7 100.0 100.0 100.0 100.0 100.0  98.7  98.7
  [2,]  98.3  98.3  98.3  98.3  98.3 100.0 100.0 100.0 100.0  98.3  98.3  98.3
  [3,]  76.6  87.4 100.0 100.0 100.0 100.0 100.0 100.0 100.0 100.0 100.0  92.8
  [4,]  97.6 100.0 100.0 100.0 100.0 100.0 100.0 100.0 100.0 100.0 100.0  99.1
  [5,] 100.0 100.0 100.0 100.0 100.0 100.0 100.0 100.0 100.0 100.0 100.0 100.0
  [6,]  63.1  66.9  64.7  58.9  49.8  40.7  69.3  99.8 100.0 100.0 100.0  80.9
  [7,]  63.1  66.9  64.7  58.9  49.8  40.7  69.3  99.8 100.0 100.0 100.0  80.9
  [8,]  63.1  66.9  64.7  58.9  49.8  40.7  69.3  99.8 100.0 100.0 100.0  80.9
  [9,]   0.0   0.0   0.0   0.0   0.0   0.0   0.0   0.0   0.0   0.0   0.0   0.0
 [10,]   0.0   0.0   0.0   0.0   0.0   0.0   0.0   0.0   6.2  32.5  15.0   0.0
 [11,]   0.0   0.0   0.0   0.0   0.0   0.0   0.0   0.0   0.0   0.0   0.2   0.0
 [12,]  81.6  76.8 100.0 100.0 100.0 100.0 100.0 100.0 100.0 100.0 100.0 100.0
 [13,]   0.0   0.0   0.0   0.0   0.0   0.0   0.0   0.0   0.0   0.0   0.0   0.0
 [14,]   0.0   0.0   0.0   0.0   0.0   0.0   0.0   0.0   0.0  42.5  48.0   4.5
 [15,] 100.0 100.0 100.0 100.0 100.0 100.0 100.0 100.0 100.0 100.0 100.0 100.0
 [16,]   0.0   0.0   0.0   0.0   0.0   0.0   0.0   0.0   0.0   0.0   0.0   0.0
 [17,]   0.0   0.0   0.0   0.0   0.0   0.0   0.0   0.0  79.2 100.0 100.0   0.0
 [18,]  57.8  57.8  57.8  57.8  57.8  57.8  57.8  57.8  57.8  57.8  57.8  57.8
 [19,]  21.6  16.8  40.6  62.8  78.8  75.4  77.4  82.6  90.8  99.0  73.2  45.8
 [20,]   9.5   9.3  17.8  13.2   6.5   0.0   3.9  20.8  39.1  55.3  46.1  25.6
 [21,]   0.0   0.0   0.0   0.0   0.0   0.0   0.0   0.0   0.0   6.0   0.0   0.0
 [22,] 100.0 100.0 100.0 100.0 100.0 100.0 100.0 100.0 100.0 100.0 100.0 100.0
 [23,]  84.0 100.0  91.0  65.0  24.0   0.0 100.0 100.0 100.0 100.0 100.0 100.0
 [24,]   0.0   4.6  13.3  14.9  11.5   8.8  12.8  17.3  16.0  14.3   6.9   0.0
 [25,]   2.2   2.2   2.2   2.2   2.2   2.2   2.2   2.2   2.2   2.2   2.2   2.2
 [26,]   5.2   5.0  20.8  12.3   0.0   0.0   0.0  28.6  60.0  63.3  66.7  40.3
 [27,] 100.0 100.0 100.0 100.0 100.0 100.0 100.0 100.0 100.0 100.0 100.0 100.0
 [28,] 100.0 100.0 100.0  98.3  98.3 100.0  99.2  97.8  96.1  97.1 100.0 100.0
 [29,]   0.0   0.0   0.0   0.0   0.0   0.0   0.0   0.0   0.0   0.0   0.0   0.0
 [30,]   0.0   0.0  13.9   0.4   0.0   0.0   0.0  22.4  72.0  76.0  80.0  38.5
 [31,]   0.0   7.2  21.5  32.5  32.4  25.5  29.2  34.5  40.5  36.8  24.2  10.8
 [32,]  94.7 100.0  97.0  88.3  74.7  61.0 100.0 100.0 100.0 100.0 100.0 100.0
 [33,] 100.0  86.2  60.2  55.4  65.4  73.6  61.6  48.2  52.0  57.2  79.2 100.0
 [34,]   0.0   0.0   0.0   0.0   0.0   0.0   0.0   0.0  19.8  37.4  26.7   3.9
 [35,]   0.0   0.0   0.0   0.0   0.0   0.0   0.0   0.0   0.0   0.0   0.0   0.0
 [36,]  80.9  80.9  80.9  80.9  80.9  80.9  80.9  80.9  80.9  80.9  80.9  80.9
 [37,]   0.0   0.0   0.0   0.0   0.0   0.0   0.0   0.0   0.0   0.0   0.0   0.0
 [38,] 100.0 100.0 100.0 100.0 100.0 100.0 100.0 100.0 100.0 100.0 100.0 100.0
 [39,] 100.0 100.0 100.0 100.0 100.0 100.0 100.0 100.0 100.0 100.0 100.0 100.0
 [40,]   0.0   0.0   0.0   0.0   0.0   6.8   8.8   7.9   9.7   4.8   0.0   0.0
 [41,] 100.0 100.0 100.0 100.0 100.0  91.5 100.0 100.0 100.0 100.0 100.0 100.0
 [42,]   0.0   0.0   0.0   0.0   0.0   0.0   0.0   0.0   0.0  14.2  16.0   1.5
 [43,]  61.2  61.8  74.8  85.7  91.5  88.2  89.2  90.5  90.5  90.5  87.1  73.3
 [44,]  83.5  79.5  98.6  98.6  98.6 100.0 100.0  98.4  93.2  86.9  98.6  98.6
 [45,] 100.0 100.0 100.0 100.0 100.0 100.0 100.0 100.0 100.0 100.0 100.0 100.0
 [46,] 100.0 100.0 100.0 100.0 100.0 100.0 100.0 100.0 100.0 100.0 100.0 100.0
 [47,]  90.8  90.8  90.8  90.8  90.8  94.2  95.8  95.8  94.2  91.7  90.8  90.8
 [48,] 100.0 100.0 100.0 100.0 100.0  91.5 100.0 100.0 100.0 100.0 100.0 100.0
 [49,]  36.8  39.2  37.2  32.2  24.2  16.6  42.4  69.8  94.0  98.8  75.0  52.8
 [50,]  54.9  53.3  81.6  66.3  43.9  19.8  36.8  93.5  95.6  96.9 100.0  98.9
 [51,]  45.1  42.9  65.1  52.8  35.0  16.3  30.6  77.8  80.0  82.9  85.7  84.3
 [52,]   0.0   0.0   0.0   0.0   0.0   0.0   0.0   0.0   0.0   0.0   0.0   0.0
 [53,]  61.7  73.1  66.0  39.1  14.6   0.0   0.0   0.0   0.0   0.0   0.0  24.3
 [54,]   0.0   0.0   0.0   0.0   0.0   0.0   0.0   0.0   0.0   3.4   5.1   4.5
 [55,]  39.4  37.5  57.0  46.2  30.6  14.2  26.8  68.1  70.0  72.5  75.0  73.7
 [56,]   1.0   0.0   0.0   0.0   0.0   0.4   1.1   2.8   5.6   9.8  10.3   5.8
 [57,]  92.0 100.0  95.5  82.5  62.0  41.5 100.0 100.0 100.0 100.0 100.0 100.0
 [58,] 100.0 100.0 100.0 100.0 100.0 100.0 100.0 100.0 100.0 100.0 100.0 100.0
 [59,] 100.0 100.0 100.0 100.0 100.0 100.0  92.8  89.5  90.1  90.1  94.7  99.3
 [60,]  80.9  80.9  80.9  80.9  80.9  80.9  80.9  80.9  80.9  80.9  80.9  80.9
 [61,] 100.0 100.0 100.0 100.0 100.0 100.0 100.0 100.0 100.0 100.0 100.0 100.0
 [62,]  68.5  77.2  94.2 100.0 100.0  99.0 100.0 100.0 100.0 100.0  97.5  81.6
 [63,]  97.8 100.0 100.0 100.0 100.0 100.0 100.0 100.0 100.0 100.0 100.0  99.1
 [64,]  97.8 100.0 100.0 100.0 100.0 100.0 100.0 100.0 100.0 100.0 100.0  99.1
 [65,]  64.0  74.0  93.4 100.0 100.0  98.9 100.0 100.0 100.0 100.0  97.1  79.0
 [66,]  97.8  97.8  97.8  97.8  97.8  97.8  97.8  97.8  97.8  97.8  97.8  97.8
 [67,] 100.0 100.0 100.0 100.0 100.0 100.0 100.0 100.0 100.0 100.0 100.0 100.0
 [68,]   0.0   0.0   0.0   0.0   0.0   0.0   0.0   0.0   0.0   0.0   0.0   0.0
 [69,]  34.3  41.2  50.3  55.1  53.7  49.6  51.7  54.9  58.5  56.3  48.8  40.9
 [70,]   0.0   0.0   0.0   0.0   0.0   0.0   0.0   0.0   0.0   0.0   0.0   0.0
 [71,]  10.6   8.0   8.6   8.6  13.2  17.9  26.2  28.7  28.1  28.1  23.8  19.4
 [72,] 100.0 100.0 100.0 100.0 100.0 100.0 100.0 100.0 100.0 100.0 100.0 100.0
 [73,]  31.4  29.5  38.7  47.2  53.4  52.1  52.8  54.8  58.0  61.2  51.2  40.7
 [74,] 100.0 100.0 100.0 100.0 100.0 100.0 100.0 100.0 100.0 100.0 100.0 100.0
 [75,]  34.3  41.2  50.3  55.1  53.7  49.6  51.7  54.9  58.5  56.3  48.8  40.9
 [76,]   0.0   0.0   0.0   0.0   0.0   0.0   0.0   0.0   0.0   9.4   1.2   0.0
 [77,]   0.0   0.0   0.0   0.0   0.0   0.0   0.0   0.0   0.0   0.0   0.0   0.0
 [78,] 100.0 100.0 100.0 100.0 100.0  97.8  88.0  87.8  85.2  81.0  89.8 100.0
 [79,]  54.0  42.0 100.0 100.0 100.0 100.0 100.0 100.0 100.0 100.0 100.0 100.0
 [80,]  76.0  71.6  74.3  84.8  94.3 100.0 100.0 100.0 100.0 100.0 100.0  90.6
 [81,] 100.0 100.0 100.0  94.6  94.7 100.0  97.5  92.9  87.7  90.9 100.0 100.0
 [82,] 100.0 100.0 100.0 100.0 100.0 100.0 100.0 100.0 100.0 100.0 100.0 100.0
 [83,]   0.0   0.0   0.0   0.0   0.0   0.0   0.0   0.0   0.0   0.0   0.0   0.0
 [84,]   0.0   0.0   0.0   0.0   0.0   0.0   0.0   0.0   0.0   0.0   0.0   0.0
 [85,] 100.0 100.0 100.0 100.0 100.0 100.0 100.0 100.0 100.0 100.0 100.0 100.0
 [86,] 100.0 100.0 100.0 100.0 100.0 100.0 100.0 100.0 100.0 100.0 100.0 100.0
 [87,]   3.1   0.0   0.0   0.0   7.4  18.2  39.7  47.4  46.0  46.0  35.4  24.6
 [88,] 100.0 100.0 100.0 100.0 100.0 100.0 100.0 100.0 100.0 100.0 100.0 100.0
 [89,]  94.4  94.4  94.4  94.4  94.4  94.4  94.4  94.4  94.4  94.4  94.4  94.4
 [90,] 100.0 100.0 100.0 100.0 100.0 100.0 100.0 100.0 100.0 100.0 100.0 100.0
 [91,]  94.7 100.0  97.0  88.3  74.7  61.0 100.0 100.0 100.0 100.0 100.0 100.0
 [92,]   0.0   0.0   0.0   0.0   0.0   0.0   0.0   0.0   0.0   0.0   0.0   0.0
 [93,] 100.0 100.0 100.0 100.0 100.0 100.0 100.0 100.0 100.0 100.0 100.0 100.0
 [94,] 100.0 100.0 100.0 100.0 100.0  71.5  89.0 100.0 100.0 100.0 100.0 100.0
 [95,]   0.0   0.0   0.0   0.0   0.0   0.0   0.0   0.0   0.0   6.0   0.0   0.0
 [96,] 100.0 100.0 100.0 100.0 100.0 100.0 100.0 100.0 100.0 100.0 100.0 100.0
 [97,]  97.8  97.8  97.8  97.8  97.8  97.8  97.8  97.8  97.8  97.8  97.8  97.8
 [98,] 100.0 100.0 100.0 100.0 100.0 100.0 100.0 100.0 100.0 100.0 100.0 100.0
 [99,]  98.0  98.0  98.0  98.0  98.0 100.0  98.0  98.0  98.0  98.0  98.0  98.0
[100,]  98.4  96.1  91.5  88.0  88.1  90.3  89.1  87.4  85.5  86.7  90.7  94.9
[101,] 100.0 100.0 100.0 100.0 100.0 100.0 100.0 100.0 100.0 100.0 100.0 100.0
[102,]  60.0  58.0  58.0  58.0  58.0  61.5  70.0  70.0  67.8  70.0  78.0  66.0
[103,]   0.4   0.4   0.4   0.4   0.4   0.4   0.4   0.4   0.4   0.4   0.4   0.4
[104,]  52.0  72.0  68.4  68.4  40.8  12.8   0.0   0.0   0.0   0.0   0.0   0.0
[105,]   0.0   0.0  16.0  30.1  28.8  19.7  24.5  31.6  39.5  34.6  18.0   0.4
[106,]  46.5  46.5  46.5  46.5  46.5  48.8  46.6  45.1  45.9  44.3  44.7  46.2
[107,] 100.0 100.0 100.0 100.0 100.0 100.0 100.0 100.0 100.0 100.0 100.0 100.0
[108,]   0.0   0.0   9.0  26.5  26.3  15.3  21.2  29.7  39.2  33.3  13.3   0.0
[109,]  84.0 100.0  91.0  65.0  24.0   0.0 100.0 100.0 100.0 100.0 100.0 100.0
[110,] 100.0 100.0 100.0 100.0 100.0 100.0 100.0 100.0 100.0 100.0 100.0 100.0
[111,] 100.0 100.0  95.9  94.9  97.0  98.7  96.2  93.4  94.2  95.2  99.8 100.0
[112,] 100.0 100.0 100.0 100.0 100.0 100.0 100.0 100.0 100.0 100.0 100.0 100.0
[113,]   0.0   0.0   0.0   0.0   0.0   0.0   0.0   0.0   0.0   0.0   0.0   0.0
[114,]  97.2  97.2  97.2  97.2  97.2  97.2  97.2  97.2  97.2  97.2  97.2  97.2
[115,] 100.0 100.0 100.0 100.0 100.0 100.0 100.0 100.0 100.0 100.0 100.0 100.0
[116,]   0.0   0.0   0.0   0.0   0.0   0.0   0.0   0.0   0.0   0.0   0.0   0.0
[117,] 100.0 100.0 100.0 100.0 100.0 100.0 100.0 100.0 100.0 100.0 100.0 100.0
[118,]  60.0  58.0  58.0  58.0  58.0  66.0  69.6  65.3  63.2  65.8  71.8  64.1
[119,] 100.0 100.0 100.0 100.0 100.0 100.0 100.0 100.0 100.0 100.0 100.0 100.0
[120,] 100.0 100.0 100.0 100.0 100.0 100.0 100.0 100.0 100.0 100.0 100.0 100.0
[121,]   0.0   0.0   0.0   0.0   0.0  11.3  34.7  43.0  41.5  41.5  30.0  18.3
[122,] 100.0 100.0 100.0 100.0 100.0 100.0 100.0 100.0 100.0 100.0 100.0 100.0
[123,]   0.0   0.0   0.0   0.0   0.0   0.0   0.0   0.0   0.0   0.0   0.0   0.0
[124,] 100.0 100.0 100.0 100.0 100.0 100.0 100.0 100.0 100.0 100.0 100.0 100.0
[125,]  89.3 100.0  94.0  76.7  49.3  22.0 100.0 100.0 100.0 100.0 100.0 100.0
[126,]  77.9  76.2  73.4  74.3  75.1  75.7  73.1  73.4  73.7  74.3  77.5  78.1
[127,]  53.0  41.2  41.0  37.8  32.8  43.4  72.6  98.8 100.0 100.0  83.0  65.8
[128,] 100.0 100.0  99.9  95.9  93.1  93.7  93.3  92.4  90.9  89.5  94.1  99.0
[129,]  96.4 100.0 100.0 100.0 100.0 100.0 100.0 100.0 100.0 100.0 100.0  98.6
[130,]   0.0   0.0   0.0   0.0   0.0   0.0   0.0   0.0   0.0   0.0   0.0   0.0
[131,]  58.5  62.7  60.2  53.8  43.5  33.2  65.5  99.8 100.0 100.0 100.0  78.5
[132,]  94.7 100.0  97.0  88.3  74.7  61.0 100.0 100.0 100.0 100.0 100.0 100.0
[133,]  93.0  81.2  81.0  77.8  72.8  83.4 100.0 100.0 100.0 100.0 100.0 100.0
[134,]  13.5  10.5  25.4  39.2  49.2  47.1  48.4  51.6  56.8  61.9  45.8  28.6
[135,]  94.7 100.0  97.0  88.3  74.7  61.0 100.0 100.0 100.0 100.0 100.0 100.0
[136,] 100.0 100.0 100.0 100.0 100.0 100.0 100.0 100.0 100.0 100.0 100.0 100.0
[137,]  78.3  70.0  71.5  71.5  83.0  94.7 100.0 100.0 100.0 100.0 100.0 100.0
[138,] 100.0 100.0 100.0 100.0 100.0 100.0 100.0 100.0 100.0 100.0 100.0 100.0
[139,]   0.0   0.0   0.0   0.0   0.0   0.0   0.0   0.0   0.0   0.0   0.0   0.0
[140,] 100.0 100.0 100.0 100.0 100.0 100.0 100.0 100.0 100.0 100.0 100.0 100.0
[141,]  53.0  41.2  41.0  37.8  32.8  43.4  72.6  98.8 100.0 100.0  83.0  65.8
[142,] 100.0 100.0 100.0 100.0 100.0 100.0 100.0 100.0  96.5  95.3 100.0 100.0
[143,] 100.0 100.0 100.0 100.0 100.0 100.0 100.0 100.0 100.0 100.0 100.0 100.0
[144,]  96.4 100.0 100.0 100.0 100.0 100.0 100.0 100.0 100.0 100.0 100.0  98.6

